66 64 61 62 24 23 22 19 16 13 7 6 5 0 1 2 3 35 34 33 37 38 39 41 51 50 49 55 53 52
58 57 56 54 31 60 61 62 24 25 21 18 17 15 12 9 45 46 47 48 49 55 53 52
13 14 12 10 8 4 5 0 1 2 3 35 34 33 32 43 44 45 46 47 48 30 29 28 31 60 59 63 64 66 
37 38 39 40 42 44 45 46 47 48 30 54 56 58 59 60 26 25 21 18 17 15 12 10 8 4 3 2 1 
56 54 49 50 51 41 39 38 37 36 40 42 44 45 46 47 48 30 29 28 31 60 59 63 64 66
1 0 5 4 8 9 45 44 42 41 51 50 49 55 56 58 59 60 61 62 24 25 21 27 28 29 30
1 0 5 4 8 9 32 43 44 45 46 47 15 12 10 7 13 16 17 18 65 48 49 50 51 41 39 40 36 37 
17 16 13 14 15 47 48 49 54 56 57 58 59 63 64 61 62 24 26 60 31 28 27 21 20 19 22 11
47 46 45 44 42 41 51 50 49 48 30 29 28 31 60 26 25 21 18 17 15 12 9 32 43 36 37 38 39
12 9 45 46 47 48 65 15 17 16 19 22 23 24 62 61 60 26 25 21 18 29 30 54 56 58 59 63 64 66 
57 58 59 60 31 28 29 30 48 47 46 45 9 8 4 5 0 1 2 3 35 34 33 36 40 39 41 42 43 4  
25 11 23 22 19 16 17 18 29 28 31 54 30 48 65 15 14 13 7 10 8 4 3 35 34 33 37 38 39 41  
52 53 55 56 58 57 31 28 29 30 48 47 46 45 9 8 4 3 35 34 33 36 40 42 43 44
36 33 34 35 3 4 5 6 7 10 8 9 45 46 47 48 30 54 56 58 59 60 26 25 21 20 19 16 13 14  
39 40 36 43 44 45 46 47 48 30 29 28 31 60 61 62 24 23 22 19 16 14 12 10 8 4 3 2 1 0 