98 99 90 106 69 73 78 245 246 247 40 39 41 44 46 45 46 44 41 39 40 247 63 72 71 70 54 68 54 70 71 72 63 247 24 25 23 29 28 251 28 33 34 35 36 37 38 137 135 138 136 134 150 149 265 264 292 271 293 294 173 228 227 229 231 230 159 156 155 224 219 218 381
98 99 90 106 69 73 78 245 246 247 40 39 41 44 46 45 46 44 41 39 40 247 63 72 71 70 54 68 54 70 71 72 63 247 24 25 23 29 28 251 28 33 32 22 41 39 133 65 55 179 47 239 234 288 198 199 382
57 50 56 65 130 132 135 138 255 256 255 138 135 132 130 65 56 59 53 52 240 241 100 86 85 84 369 94 371 124 119 118 116 117 115 113 112 109 108 195 194 193 191 190 202 190 191 193 194 195 108 109 112 113 115 117 116 118 57 50 56 61 60 63 247 24 25 23 29 28 251 252 251 28 33 34 35 36 37 38 137 135 138 136 134 150 149 265 264 292 271 293 294 173 228 227 229 231 230 159 156 155 224 219 218 381
57 50 56 65 130 132 135 138 255 256 255 138 135 132 130 65 56 59 53 52 240 241 100 86 85 84 369 94 371 124 119 118 116 117 115 113 112 109 108 195 194 193 191 190 202 190 191 193 194 195 108 109 112 113 115 117 116 118 57 50 56 61 60 63 247 24 25 23 29 28 251 252 251 28 29 23 25 24 247 63 60 61 56 50 57 239 234 288 198 199 382 
12 79 103 102 69 73 78 248 17 10 21 250 26 254 26 27 31 30 249 246 72 63 60 62 65 130 132 134 140 139 141 276 279 278 178 176 175 177 168 166 167 378 377 376 156 155 224 219 218 381
12 79 103 102 69 73 78 248 17 10 21 250 26 254 26 27 31 30 249 246 72 63 60 62 65 130 132 134 140 139 141 276 279 276 141 275 274 273 149 131 125 182 179 47 239 234 288 198 199 382
74 71 70 54 67 64 56 50 48 47 179 189 298 353 358 359 360 359 358 353 180 181 184 187 188 125 126 132 130 65 55 51 49 48 49 51 55 127 128 129 182 183 186 181 184 187 264 292 271 293 294 173 228 227 229 231 230 159 156 155 224 219 218 381 
74 71 70 54 67 64 56 50 48 47 179 189 298 353 358 359 360 359 358 353 180 181 184 187 188 125 126 132 130 65 55 51 49 48 49 51 55 127 128 129 182 179 47 239 234 288 198 199 382
64 56 50 57 239 234 288 198 199 198 288 234 239 47 179 55 127 130 65 62 60 63 72 246 249 30 17 10 9 10 21 250 26 254 1 0 2 4 5 4 2 0 1 254 26 27 25 24 247 63 60 62 65 130 127 128 126 131 149 265 264 292 271 293 294 173 228 227 229 231 230 159 156 155 224 219 218 381
64 56 50 57 239 234 288 198 199 198 288 234 239 47 179 55 127 130 65 62 60 63 72 246 249 30 17 10 9 10 21 250 26 254 1 0 2 4 5 4 2 0 1 254 26 27 25 24 247 63 60 61 56 50 57 239 234 288 198 199 382
188 125 126 132 135 137 42 39 133 65 55 179 47 280 47 48 50 56 62 75 40 247 24 25 23 29 23 25 24 247 63 60 62 65 130 127 128 126 131 149 265 264 292 271 293 294 173 228 227 229 231 230 159 156 155 224 219 218 381
188 125 126 132 135 137 42 39 133 65 55 179 47 280 47 48 50 56 62 75 40 247 24 25 23 29 23 25 24 247 63 60 61 56 50 57 239 234 288 198 199 382
193 191 192 204 206 285 281 298 353 180 181 184 187 264 292 271 272 271 293 294 173 228 227 229 231 230 159 212 159 230 231 229 227 228 173 294 293 271 292 264 291 226 291 264 265 149 131 126 128 127 130 65 62 60 63 247 24 247 63 60 62 65 130 127 128 126 131 149 265 264 292 271 293 294 173 228 227 229 231 230 159 156 155 224 219 218 381
193 191 192 204 206 285 281 298 353 180 181 184 187 264 292 271 272 271 293 294 173 228 227 229 231 230 159 212 159 230 231 229 227 228 173 294 293 271 292 264 291 226 291 264 265 149 131 126 128 127 130 65 62 60 63 247 24 247 63 60 61 56 50 57 239 234 288 198 199 382
305 306 200 307 208 313 324 297 296 298 189 179 47 48 50 56 64 67 54 70 71 74 244 245 78 248 17 248 78 73 69 106 90 87 85 84 369 94 371 124 110 124 119 118 57 50 48 49 51 55 127 128 129 182 183 186 181 184 187 264 292 271 293 294 173 228 227 229 231 230 159 156 155 224 219 218 381
305 306 200 307 208 313 324 297 296 298 189 179 47 48 50 56 64 67 54 70 71 74 244 245 78 248 17 248 78 73 69 106 90 87 85 84 369 94 371 124 110 124 119 118 57 50 48 49 51 55 127 128 129 182 179 47 239 234 288 198 199 382
31 27 25 23 22 43 45 46 45 38 137 135 132 126 131 149 273 274 275 274 273 149 131 125 182 179 47 239 234 232 233 236 237 238 111 109 108 195 196 197 287 286 239 47 179 182 183 186 181 184 187 264 292 271 293 294 173 228 227 229 231 230 159 156 155 224 219 218 381
31 27 25 23 22 43 45 46 45 38 137 135 132 126 131 149 273 274 275 274 273 149 131 125 182 179 47 239 234 232 233 236 237 238 111 109 108 195 196 197 287 286 239 234 288 198 199 382 
374 372 373 375 266 166 168 177 175 176 178 278 279 276 141 139 140 134 136 138 135 137 135 138 136 134 150 149 265 264 292 271 293 294 173 228 227 157 158 171 164 163 161 162 172 173 294 293 271 292 264 265 149 131 126 128 127 130 65 62 60 63 72 71 73 76 77 13 14 18 19 20 8 6 7 257 258 259 260 261 260 259 258 257 7 6 8 20 19 18 15 11 12 79 103 104 98 99 90 68 54 67 64 56 50 48 47 179 182 183 186 181 184 187 264 292 271 293 294 173 228 227 229 231 230 159 156 155 224 219 218 381
374 372 373 375 266 166 168 177 175 176 178 278 279 276 141 139 140 134 136 138 135 137 135 138 136 134 150 149 265 264 292 271 293 294 173 228 227 157 158 171 164 163 161 162 172 173 294 293 271 292 264 265 149 131 126 128 127 130 65 62 60 63 72 71 73 76 77 13 14 18 19 20 8 6 7 257 258 259 260 261 260 259 258 257 7 6 8 20 19 18 15 11 12 79 103 104 98 99 90 68 54 67 64 56 50 48 47 239 234 288 198 199 382 
308 297 296 298 353 180 181 185 354 355 354 185 181 184 187 264 292 271 293 294 173 294 293 271 292 264 187 184 181 186 181 180 353 298 296 297 338 337 350 348 351 213 214 217 225 221 222 226 291 264 292 271 293 294 173 228 227 229 231 230 159 156 155 224 219 218 381 
308 297 296 298 353 180 181 185 354 355 354 185 181 184 187 264 292 271 293 294 173 294 293 271 292 264 187 184 181 186 181 180 353 298 296 297 338 337 367 343 331 329 328 304 299 382
211 205 204 206 285 281 298 353 180 181 184 187 264 292 271 293 294 173 228 227 229 231 230 159 156 155 224 219 218 381 
211 205 204 192 191 193 194 195 196 197 287 286 239 234 288 198 199 382 
