100
50
30
90
60
45
78
120
130
200
50
70
90
80
85
19
100
200
130
10
100
50
30
90
60
45
78
120
130
200
50
70
90
80
85
19
100
200
130
10
100
50
30
90
60
45
78
120
130
200
50
70
90
80
85
19
100
200
130
10
100
50
30
90
60
45
78
120
130
200
50
70
90
80
85
19
100
200
130
10
100
50
30
90
60
45
78
120
130
200
50
70
90
80
85
19
100
200
130
10
100
50
30
90
60
45
78
120
130
200
50
70
90
80
85
19
100
200
130
10
100
50
30
90
60
45
78
120
130
200
50
70
90
80
85
19
100
200
130
10
100
50
30
90
60
45
78
120
130
200
50
70
90
80
85
19
100
200
130
10
100
50
30
90
60
45
78
120
130
200
50
70
90
80
85
19
100
200
130
10
100
50
30
90
60
45
78
120
130
200
50
70
90
80
85
19
100
200
130
10
100
50
30
90
60
45
78
120
130
200
50
70
90
80
85
19
100
200
130
10
100
50
30
90
60
45
78
120
130
200
50
70
90
80
85
19
100
200
130
10
100
50
30
90
60
45
78
120
130
200
50
70
90
80
85
19
100
200
130
10
100
50
30
90
60
45
78
120
130
200
50
70
90
80
85
19
100
200
130
10
100
50
30
90
60
45
78
120
130
200
50
70
90
80
85
19
100
200
130
10
100
50
30
90
60
45
78
120
130
200
50
70
90
80
85
19
100
200
130
10
100
50
30
90
60
45
78
120
130
200
50
70
90
80
85
19
100
200
130
10
100
50
30
90
60
45
78
120
130
200
50
70
90
80
85
19
100
200
130
10
100
50
30
90
60
45
78
120
130
200
50
70
90
80
85
19
100
200
130
10
75
30
43